 -0.400000000000000       -7.43016767549675     
 -0.200000000000000       -17.9068691138408     
 -0.100000000000000       -19.7492083013004     
  0.000000000000000E+000  -20.2766547590097     
  0.100000000000000       -19.9181439059807     
  0.200000000000000       -19.0827919049043     
  0.400000000000000       -16.6607106320181     
  0.700000000000000       -12.8343946911493     
   1.00000000000000       -9.66120044515720     
   1.50000000000000       -6.10633563718401     
   2.00000000000000       -3.99741414560953     
   3.00000000000000       -1.97771894689417     
   5.00000000000000      -0.688857971004069     
   10.0000000000000      -0.139141636734501     
