 -0.400000000000000       -2.60015040822481     
 -0.200000000000000       -4.17073132443655     
 -0.100000000000000       -4.45723534621192     
  0.000000000000000E+000  -4.54201981422473     
  0.100000000000000       -4.48907726719631     
  0.200000000000000       -4.33634977266114     
  0.400000000000000       -3.88425703545406     
  0.700000000000000       -3.11236314297360     
   1.00000000000000       -2.43315622852823     
   1.50000000000000       -1.61394198722108     
   2.00000000000000       -1.09937624928738     
   3.00000000000000      -0.561809275292729     
   5.00000000000000      -0.194508013520144     
   10.0000000000000      -3.376857453386836E-002
