 -0.400000000000000      -0.721024985300519     
 -0.200000000000000       -1.36281534158380     
 -0.100000000000000       -1.47368865760838     
  0.000000000000000E+000  -1.50135395991500     
  0.100000000000000       -1.47416281358499     
  0.200000000000000       -1.41161764052107     
  0.400000000000000       -1.23650696223945     
  0.700000000000000      -0.951147653569289     
   1.00000000000000      -0.709824517254932     
   1.50000000000000      -0.433309156274114     
   2.00000000000000      -0.271862802129298     
   3.00000000000000      -0.119630132033401     
   5.00000000000000      -3.286250765412617E-002
   10.0000000000000      -3.674878451760519E-003
