 -0.400000000000000      -6.962018706986850E-002
 -0.200000000000000       -15.0838721751876     
 -0.100000000000000       -17.6225943116250     
  0.000000000000000E+000  -18.4250113980221     
  0.100000000000000       -18.1700777104241     
  0.200000000000000       -17.3007202126546     
  0.400000000000000       -14.7651125335196     
  0.700000000000000       -10.8228842875811     
   1.00000000000000       -7.69806693167749     
   1.50000000000000       -4.38173103514414     
   2.00000000000000       -2.60634094778853     
   3.00000000000000       -1.07907364666148     
   5.00000000000000      -0.298117091619845     
   10.0000000000000      -4.348781373204555E-002
