 -0.400000000000000       -4.43084492259021     
 -0.200000000000000       -13.7595979986280     
 -0.100000000000000       -15.3936125488537     
  0.000000000000000E+000  -15.8977856458551     
  0.100000000000000       -15.6862560832251     
  0.200000000000000       -15.0400696777170     
  0.400000000000000       -13.1407559190176     
  0.700000000000000       -10.0901216265528     
   1.00000000000000       -7.56698632327758     
   1.50000000000000       -4.73551775264241     
   2.00000000000000       -3.09903196877282     
   3.00000000000000       -1.53303500332300     
   5.00000000000000      -0.553605609455713     
   10.0000000000000      -0.114307382923100     
