 -0.400000000000000       -2.14616570187415     
 -0.200000000000000       -3.13223588162286     
 -0.100000000000000       -3.27489670389228     
  0.000000000000000E+000  -3.28020232568232     
  0.100000000000000       -3.19398149010498     
  0.200000000000000       -3.05578183218648     
  0.400000000000000       -2.68708375390173     
  0.700000000000000       -2.10666044628637     
   1.00000000000000       -1.62046176937269     
   1.50000000000000       -1.05335937641848     
   2.00000000000000      -0.706872992065584     
   3.00000000000000      -0.353038067871995     
   5.00000000000000      -0.126348278270723     
   10.0000000000000      -3.164392840643371E-002
