 -0.400000000000000      -0.493649412695232     
 -0.200000000000000       -1.30731267625886     
 -0.100000000000000       -1.44887754303759     
  0.000000000000000E+000  -1.48679653439561     
  0.100000000000000       -1.45526379135346     
  0.200000000000000       -1.38258620331867     
  0.400000000000000       -1.17829145645713     
  0.700000000000000      -0.854737285717349     
   1.00000000000000      -0.594121815256457     
   1.50000000000000      -0.317715213691036     
   2.00000000000000      -0.173508027592285     
   3.00000000000000      -5.847977558796413E-002
   5.00000000000000      -1.059097848715006E-002
   10.0000000000000      -7.700071196375796E-004
