 -0.400000000000000       -2.89992068562094     
 -0.200000000000000       -6.28796908210312     
 -0.100000000000000       -6.90897609181508     
  0.000000000000000E+000  -7.09348059752440     
  0.100000000000000       -6.97535034382897     
  0.200000000000000       -6.68528587673298     
  0.400000000000000       -5.85204429695789     
  0.700000000000000       -4.48405815867462     
   1.00000000000000       -3.66675351056740     
   1.50000000000000       -2.23852820718687     
   2.00000000000000       -1.90478670069301     
   3.00000000000000      -0.963762504226141     
   5.00000000000000      -0.392255569950210     
   10.0000000000000      -0.201857893012426     
