 -0.400000000000000       0.276963466174243     
 -0.200000000000000       -3.52204332627342     
 -0.100000000000000       -4.45377045814943     
  0.000000000000000E+000  -4.87095125642300     
  0.100000000000000       -5.00410814934959     
  0.200000000000000       -4.89312970928659     
  0.400000000000000       -4.41672922362805     
  0.700000000000000       -3.46321001897880     
   1.00000000000000       -2.50347008307706     
   1.50000000000000       -1.46560192176505     
   2.00000000000000      -0.915793892765629     
   3.00000000000000      -0.369084410705909     
   5.00000000000000      -0.151334928215204     
   10.0000000000000      -6.127765939996416E-002
