 -0.400000000000000       -5.95835725215334     
 -0.200000000000000       -14.7585169489349     
 -0.100000000000000       -16.3740358468826     
  0.000000000000000E+000  -16.7613980560070     
  0.100000000000000       -16.6004360890331     
  0.200000000000000       -15.8135840457857     
  0.400000000000000       -13.8358426904035     
  0.700000000000000       -10.5222367945954     
   1.00000000000000       -7.80097849233976     
   1.50000000000000       -4.78768941569763     
   2.00000000000000       -2.99679130277491     
   3.00000000000000       -1.34962441633730     
   5.00000000000000      -0.417497205101906     
   10.0000000000000      -8.409381060635879E-002
