 -0.400000000000000       0.442161907392527     
 -0.200000000000000       -1.88671184340166     
 -0.100000000000000       -2.43189672430936     
  0.000000000000000E+000  -2.72120606759831     
  0.100000000000000       -2.82837047178861     
  0.200000000000000       -2.82552786995579     
  0.400000000000000       -2.57114798917737     
  0.700000000000000       -2.04320272255018     
   1.00000000000000       -1.52032414000532     
   1.50000000000000      -0.895123319660477     
   2.00000000000000      -0.526382044204518     
   3.00000000000000      -0.186461595016561     
   5.00000000000000      -1.492585570318433E-002
   10.0000000000000      -1.745137360462410E-002
