 -0.400000000000000       -3.02017390067410     
 -0.200000000000000       -5.33012750471981     
 -0.100000000000000       -5.84822714668118     
  0.000000000000000E+000  -5.99828736868978     
  0.100000000000000       -5.98707372809641     
  0.200000000000000       -5.83362410827818     
  0.400000000000000       -5.26366480447250     
  0.700000000000000       -4.23066494697381     
   1.00000000000000       -3.33628837895035     
   1.50000000000000       -2.23714588065659     
   2.00000000000000       -1.47760437977248     
   3.00000000000000      -0.734476795236140     
   5.00000000000000      -0.247846973586285     
   10.0000000000000      -9.328174250453902E-002
