 -0.400000000000000      -0.396223118922143     
 -0.200000000000000       -1.24169847787548     
 -0.100000000000000       -1.41110133449804     
  0.000000000000000E+000  -1.47818112347133     
  0.100000000000000       -1.47610830099835     
  0.200000000000000       -1.42799453219263     
  0.400000000000000       -1.26346428102579     
  0.700000000000000      -0.954996439845325     
   1.00000000000000      -0.697628933752381     
   1.50000000000000      -0.402062118700904     
   2.00000000000000      -0.237061903358172     
   3.00000000000000      -9.924040204982326E-002
   5.00000000000000      -3.603527166376046E-002
   10.0000000000000      -1.611115587398192E-002
