 -0.400000000000000      -0.928941735236929     
 -0.200000000000000       -2.37842937336329     
 -0.100000000000000       -2.67099746198926     
  0.000000000000000E+000  -2.80809243488635     
  0.100000000000000       -2.81410022126448     
  0.200000000000000       -2.73206193228699     
  0.400000000000000       -2.46122161065903     
  0.700000000000000       -1.94314550660416     
   1.00000000000000       -1.46493225061809     
   1.50000000000000      -0.915495944469053     
   2.00000000000000      -0.584884984445819     
   3.00000000000000      -0.259694471332607     
   5.00000000000000      -6.780279553992696E-002
   10.0000000000000      -2.474977512122821E-002
