 -0.400000000000000      -7.709793154867794E-002
 -0.200000000000000       -3.21629868204941     
 -0.100000000000000       -3.90783786111795     
  0.000000000000000E+000  -4.23559270151563     
  0.100000000000000       -4.31139190656751     
  0.200000000000000       -4.22772991061878     
  0.400000000000000       -3.79235798203951     
  0.700000000000000       -2.93881198058113     
   1.00000000000000       -2.16534438495733     
   1.50000000000000       -1.26293968888723     
   2.00000000000000      -0.745428978336731     
   3.00000000000000      -0.289769791748145     
   5.00000000000000      -6.585853376887635E-002
   10.0000000000000      -7.509546322484983E-003
