 -0.400000000000000       -1.33412503276842     
 -0.200000000000000       -2.17792185737708     
 -0.100000000000000       -2.31481009157535     
  0.000000000000000E+000  -2.34337280123880     
  0.100000000000000       -2.29584776388253     
  0.200000000000000       -2.19618750541975     
  0.400000000000000       -1.93115180058836     
  0.700000000000000       -1.50495319732204     
   1.00000000000000       -1.14329953992964     
   1.50000000000000      -0.719663888515559     
   2.00000000000000      -0.465812788940943     
   3.00000000000000      -0.223181196252479     
   5.00000000000000      -7.720546512295234E-002
   10.0000000000000      -2.201745483386570E-002

