 -0.400000000000000       -4.44121371356549     
 -0.200000000000000       -8.87619643127832     
 -0.100000000000000       -9.60232516776103     
  0.000000000000000E+000  -9.75968423711916     
  0.100000000000000       -9.55463765122847     
  0.200000000000000       -9.10226263703513     
  0.400000000000000       -7.91683189415400     
  0.700000000000000       -6.05186845927805     
   1.00000000000000       -4.52611808296579     
   1.50000000000000       -2.79112492219323     
   2.00000000000000       -1.79390867439380     
   3.00000000000000      -0.846217136122792     
   5.00000000000000      -0.270313952384113     
   10.0000000000000      -5.145448963139643E-002
