 -0.400000000000000      -0.848957365569483     
 -0.200000000000000       -4.17542301864733     
 -0.100000000000000       -4.74705654885470     
  0.000000000000000E+000  -4.92159096085519     
  0.100000000000000       -4.84951740917647     
  0.200000000000000       -4.63200514707431     
  0.400000000000000       -4.00446485469931     
  0.700000000000000       -3.02427979776101     
   1.00000000000000       -2.23849091710107     
   1.50000000000000       -1.38537129265124     
   2.00000000000000      -0.904480257078242     
   3.00000000000000      -0.447420725992573     
   5.00000000000000      -0.160737857160836     
   10.0000000000000      -3.268782733894451E-002
