 -0.400000000000000      -0.776472046924070     
 -0.200000000000000       -2.65077411546039     
 -0.100000000000000       -2.99195827501235     
  0.000000000000000E+000  -3.10415801152386     
  0.100000000000000       -3.06869438509594     
  0.200000000000000       -2.94235487679719     
  0.400000000000000       -2.56087831052465     
  0.700000000000000       -1.94295513890080     
   1.00000000000000       -1.43463123896607     
   1.50000000000000      -0.872750322035958     
   2.00000000000000      -0.555027322177284     
   3.00000000000000      -0.259611733005204     
   5.00000000000000      -8.453956059767082E-002
   10.0000000000000      -1.454740866836808E-002
