 -0.400000000000000      -0.276089858022504     
 -0.200000000000000      -0.508780801457370     
 -0.100000000000000      -0.533862284370075     
  0.000000000000000E+000 -0.526880031839894     
  0.100000000000000      -0.500689928342464     
  0.200000000000000      -0.464208765761114     
  0.400000000000000      -0.381321992347059     
  0.700000000000000      -0.267464921418854     
   1.00000000000000      -0.182969245225500     
   1.50000000000000      -9.758989205778412E-002
   2.00000000000000      -5.426920566585860E-002
   3.00000000000000      -1.938402186835532E-002
   5.00000000000000      -3.837268457249980E-003
   10.0000000000000      -5.525643176939852E-004
